1.306090000000000018e+01 -6.276749999999999829e-01 2.561980000000000160e-02
1.306470000000000020e+01 -6.276749999999999829e-01 2.506689999999999960e-02
1.307220000000000049e+01 -6.276749999999999829e-01 2.392239999999999991e-02
1.307890000000000086e+01 -6.297169999999999712e-01 2.544679999999999859e-02
1.307980000000000054e+01 -6.276749999999999829e-01 2.273299999999999974e-02
1.308730000000000082e+01 -6.276749999999999829e-01 2.150679999999999953e-02
1.310239999999999938e+01 -6.276749999999999829e-01 1.897729999999999903e-02
1.311739999999999995e+01 -6.276749999999999829e-01 1.639940000000000148e-02
1.313240000000000052e+01 -6.276749999999999829e-01 1.383900000000000061e-02
1.314739999999999931e+01 -6.276749999999999829e-01 1.135420000000000006e-02
1.316249999999999964e+01 -6.276749999999999829e-01 8.952329999999999663e-03
1.317759999999999998e+01 -6.276749999999999829e-01 6.618409999999999918e-03
1.318779999999999930e+01 -6.403870000000000395e-01 2.245919999999999861e-02
1.319759999999999955e+01 -6.413470000000000004e-01 2.219029999999999961e-02
1.320780000000000065e+01 -6.276749999999999829e-01 2.094679999999999806e-03
1.321710000000000029e+01 -6.432539999999999925e-01 2.165629999999999986e-02
1.322940000000000005e+01 -6.444579999999999753e-01 2.131919999999999996e-02
1.323799999999999955e+01 -6.276749999999999829e-01 -2.336589999999999934e-03
1.324709999999999965e+01 -6.461789999999999479e-01 2.083729999999999957e-02
1.326219999999999999e+01 -6.476509999999999767e-01 2.042530000000000040e-02
1.327779999999999916e+01 -6.491789999999999505e-01 1.999729999999999910e-02
1.328650000000000020e+01 -6.500209999999999599e-01 1.976160000000000069e-02
1.329359999999999964e+01 -6.507119999999999571e-01 1.956810000000000146e-02
1.330300000000000082e+01 -6.516300000000000425e-01 1.931110000000000118e-02
1.331990000000000052e+01 -6.532679999999999598e-01 1.885239999999999833e-02
1.332600000000000051e+01 -6.538549999999999640e-01 1.868799999999999975e-02
1.335469999999999935e+01 -6.566429999999999767e-01 1.790740000000000040e-02
1.337270000000000003e+01 -6.583849999999999980e-01 1.741979999999999917e-02
1.339119999999999955e+01 -6.601660000000000306e-01 1.692099999999999854e-02
1.339470000000000027e+01 -6.605079999999999840e-01 1.682509999999999908e-02
1.342950000000000088e+01 -6.638570000000000304e-01 1.588739999999999944e-02
1.344940000000000069e+01 -6.657729999999999482e-01 1.535109999999999947e-02
1.346979999999999933e+01 -6.677380000000000537e-01 1.480079999999999937e-02
1.347530000000000072e+01 -6.682420000000000027e-01 1.461409999999999966e-02
1.347969999999999935e+01 -6.276749999999999829e-01 -3.792179999999999856e-02
1.348259999999999970e+01 -6.682420000000000027e-01 1.329110000000000014e-02
1.349089999999999989e+01 -6.682420000000000027e-01 1.201690000000000050e-02
1.350189999999999912e+01 -6.682420000000000027e-01 1.043340000000000066e-02
1.350929999999999964e+01 -6.682420000000000027e-01 9.332069999999999602e-03
1.351069999999999993e+01 -6.716550000000000020e-01 1.370399999999999917e-02
1.352030000000000065e+01 -6.682420000000000027e-01 7.592200000000000337e-03
1.352759999999999962e+01 -6.682420000000000027e-01 6.385520000000000432e-03
1.353180000000000049e+01 -6.736760000000000526e-01 1.313819999999999918e-02
1.355349999999999966e+01 -6.757490000000000441e-01 1.255779999999999917e-02
1.355680000000000085e+01 -6.682420000000000027e-01 1.360909999999999898e-03
1.357140000000000057e+01 -6.682420000000000027e-01 -1.156209999999999963e-03
1.357579999999999920e+01 -6.778760000000000341e-01 1.196219999999999922e-02
1.358600000000000030e+01 -6.682420000000000027e-01 -3.596699999999999984e-03
1.359869999999999912e+01 -6.800599999999999978e-01 1.135079999999999943e-02
1.362219999999999942e+01 -6.823019999999999641e-01 1.072309999999999930e-02
1.364639999999999986e+01 -6.846039999999999903e-01 1.007839999999999951e-02
1.367130000000000045e+01 -6.869690000000000518e-01 9.416169999999999748e-03
1.369860000000000078e+01 -6.895559999999999468e-01 8.691690000000000180e-03
1.372139999999999915e+01 -6.276749999999999829e-01 -7.267210000000000336e-02
1.372320000000000029e+01 -6.918950000000000378e-01 8.036810000000000134e-03
1.375999999999999979e+01 -6.953740000000000476e-01 7.062810000000000095e-03
1.377820000000000000e+01 -6.970969999999999667e-01 6.580279999999999983e-03
1.382600000000000051e+01 -7.016170000000000462e-01 5.314659999999999697e-03
1.390240000000000009e+01 -7.088090000000000224e-01 3.261599999999999916e-03
1.390760000000000041e+01 -7.088090000000000224e-01 1.687609999999999978e-03
1.391109999999999935e+01 -7.088090000000000224e-01 7.730319999999999943e-04
1.391990000000000016e+01 -7.088090000000000224e-01 -1.132500000000000043e-03
1.392880000000000074e+01 -7.088090000000000224e-01 -2.649400000000000106e-03
1.393229999999999968e+01 -7.088090000000000224e-01 -3.190880000000000105e-03
1.394299999999999962e+01 -7.088090000000000224e-01 -4.753059999999999924e-03
1.394660000000000011e+01 -7.088090000000000224e-01 -5.288440000000000155e-03
1.395369999999999955e+01 -7.088090000000000224e-01 -6.396759999999999599e-03
1.395509999999999984e+01 -7.137740000000000196e-01 1.910770000000000003e-03
1.396330000000000027e+01 -6.276749999999999829e-01 -1.065030000000000004e-01
1.396080000000000076e+01 -7.088090000000000224e-01 -7.548570000000000106e-03
1.396790000000000020e+01 -7.088090000000000224e-01 -8.735800000000000162e-03
1.396829999999999927e+01 -7.150199999999999889e-01 1.561960000000000041e-03
1.399619999999999997e+01 -7.088090000000000224e-01 -1.367759999999999983e-02
1.401030000000000086e+01 -7.088090000000000224e-01 -1.615139999999999978e-02
1.402449999999999974e+01 -7.088090000000000224e-01 -1.854760000000000089e-02
1.403190000000000026e+01 -7.209940000000000238e-01 -1.108580000000000015e-04
1.403870000000000040e+01 -7.088090000000000224e-01 -2.085779999999999926e-02
1.404379999999999917e+01 -7.221109999999999474e-01 -4.235199999999999837e-04
1.405289999999999928e+01 -7.088090000000000224e-01 -2.309659999999999838e-02
1.406709999999999994e+01 -7.088090000000000224e-01 -2.527940000000000048e-02
1.408140000000000036e+01 -7.088090000000000224e-01 -2.742100000000000093e-02
1.410459999999999958e+01 -7.278090000000000392e-01 -2.019180000000000193e-03
1.410979999999999990e+01 -7.088090000000000224e-01 -3.164129999999999721e-02
1.412410000000000032e+01 -7.296409999999999840e-01 -2.531970000000000141e-03
1.418089999999999939e+01 -7.349560000000000537e-01 -4.020120000000000290e-03
1.420539999999999914e+01 -6.276749999999999829e-01 -1.391169999999999907e-01
1.420899999999999963e+01 -7.375899999999999679e-01 -4.757619999999999731e-03
1.426050000000000040e+01 -7.424030000000000351e-01 -6.105440000000000172e-03
1.433740000000000059e+01 -7.088090000000000224e-01 -6.530110000000000081e-02
1.434479999999999933e+01 -7.493760000000000421e-01 -1.196750000000000071e-02
1.434619999999999962e+01 -7.504079999999999639e-01 -8.346670000000000478e-03
1.435159999999999947e+01 -7.493760000000000421e-01 -1.401039999999999924e-02
1.437379999999999924e+01 -7.493760000000000421e-01 -1.839870000000000047e-02
1.439100000000000001e+01 -7.493760000000000421e-01 -2.100540000000000046e-02
1.440130000000000088e+01 -7.493760000000000421e-01 -2.268929999999999905e-02
1.440809999999999924e+01 -7.493760000000000421e-01 -2.385709999999999914e-02
1.443560000000000088e+01 -7.493760000000000421e-01 -2.871620000000000075e-02
1.444759999999999955e+01 -6.276749999999999829e-01 -1.703030000000000099e-01
1.444929999999999914e+01 -7.493760000000000421e-01 -3.114659999999999998e-02
1.446299999999999919e+01 -7.493760000000000421e-01 -3.349850000000000050e-02
1.447680000000000078e+01 -7.493760000000000421e-01 -3.576279999999999737e-02
1.452740000000000009e+01 -7.673100000000000476e-01 -1.307930000000000030e-02
1.456520000000000081e+01 -7.088090000000000224e-01 -9.792009999999999603e-02
1.456879999999999953e+01 -6.276749999999999829e-01 -1.853120000000000045e-01
1.460510000000000019e+01 -7.745429999999999815e-01 -1.510459999999999928e-02
1.468079999999999963e+01 -7.815819999999999990e-01 -1.707550000000000040e-02
1.469009999999999927e+01 -6.276749999999999829e-01 -1.999160000000000104e-01
1.478880000000000017e+01 -7.899429999999999508e-01 -2.775029999999999858e-02
1.479310000000000080e+01 -7.088090000000000224e-01 -1.295759999999999967e-01
1.479620000000000068e+01 -7.899429999999999508e-01 -2.989529999999999965e-02
1.479790000000000028e+01 -7.899429999999999508e-01 -3.030419999999999989e-02
1.479950000000000010e+01 -7.899429999999999508e-01 -3.069180000000000172e-02
1.480119999999999969e+01 -7.899429999999999508e-01 -3.105969999999999911e-02
1.480279999999999951e+01 -7.899429999999999508e-01 -3.140930000000000111e-02
1.480450000000000088e+01 -7.899429999999999508e-01 -3.174219999999999819e-02
1.481140000000000079e+01 -6.276749999999999829e-01 -2.141069999999999918e-01
1.480610000000000070e+01 -7.899429999999999508e-01 -3.206010000000000110e-02
1.480780000000000030e+01 -7.899429999999999508e-01 -3.236429999999999862e-02
1.480940000000000012e+01 -7.899429999999999508e-01 -3.265649999999999803e-02
1.481109999999999971e+01 -7.899429999999999508e-01 -3.293809999999999794e-02
1.481189999999999962e+01 -7.899429999999999508e-01 -3.307550000000000073e-02
1.481859999999999999e+01 -7.899429999999999508e-01 -3.411700000000000149e-02
1.482189999999999941e+01 -7.899429999999999508e-01 -3.461940000000000156e-02
1.482850000000000001e+01 -7.899429999999999508e-01 -3.564380000000000326e-02
1.483179999999999943e+01 -7.899429999999999508e-01 -3.617410000000000070e-02
1.483510000000000062e+01 -7.899429999999999508e-01 -3.671590000000000270e-02
1.484179999999999922e+01 -7.899429999999999508e-01 -3.783009999999999845e-02
1.484839999999999982e+01 -7.899429999999999508e-01 -3.897840000000000332e-02
1.487500000000000000e+01 -7.899429999999999508e-01 -4.375470000000000054e-02
1.488829999999999920e+01 -7.899429999999999508e-01 -4.614170000000000077e-02
1.490160000000000018e+01 -7.899429999999999508e-01 -4.844949999999999951e-02
1.491489999999999938e+01 -7.899429999999999508e-01 -5.066779999999999895e-02
1.493270000000000053e+01 -6.276749999999999829e-01 -2.278789999999999982e-01
1.492820000000000036e+01 -7.899429999999999508e-01 -5.281170000000000309e-02
1.494159999999999933e+01 -7.899429999999999508e-01 -5.489619999999999916e-02
1.495490000000000030e+01 -7.899429999999999508e-01 -5.693659999999999693e-02
1.498160000000000025e+01 -7.899429999999999508e-01 -6.094600000000000017e-02
1.502120000000000033e+01 -7.088090000000000224e-01 -1.600620000000000098e-01
1.505410000000000004e+01 -6.276749999999999829e-01 -2.412310000000000010e-01
1.517559999999999931e+01 -6.276749999999999829e-01 -2.541629999999999723e-01
1.519519999999999982e+01 -7.899429999999999508e-01 -9.268039999999999612e-02
1.522180000000000000e+01 -8.305099999999999705e-01 -3.918750000000000011e-02
1.522799999999999976e+01 -8.305099999999999705e-01 -4.184079999999999744e-02
1.522959999999999958e+01 -8.305099999999999705e-01 -4.242579999999999962e-02
1.523119999999999941e+01 -8.305099999999999705e-01 -4.297940000000000094e-02
1.523279999999999923e+01 -8.305099999999999705e-01 -4.350310000000000288e-02
1.523600000000000065e+01 -8.305099999999999705e-01 -4.446689999999999671e-02
1.523990000000000045e+01 -8.305099999999999705e-01 -4.553080000000000321e-02
1.524310000000000009e+01 -8.305099999999999705e-01 -4.628430000000000044e-02
1.524939999999999962e+01 -7.088090000000000224e-01 -1.892199999999999993e-01
1.524469999999999992e+01 -8.305099999999999705e-01 -4.663260000000000322e-02
1.524549999999999983e+01 -8.305099999999999705e-01 -4.680039999999999895e-02
1.524629999999999974e+01 -8.305099999999999705e-01 -4.696410000000000168e-02
1.524949999999999939e+01 -8.305099999999999705e-01 -4.758269999999999861e-02
1.525109999999999921e+01 -8.305099999999999705e-01 -4.787290000000000295e-02
1.525189999999999912e+01 -8.305099999999999705e-01 -4.801389999999999825e-02
1.525270000000000081e+01 -8.305099999999999705e-01 -4.815239999999999798e-02
1.525510000000000055e+01 -8.305099999999999705e-01 -4.855489999999999806e-02
1.525670000000000037e+01 -8.305099999999999705e-01 -4.881429999999999797e-02
1.525990000000000002e+01 -8.305099999999999705e-01 -4.931859999999999716e-02
1.526629999999999932e+01 -8.305099999999999705e-01 -5.031229999999999730e-02
1.526950000000000074e+01 -8.305099999999999705e-01 -5.082149999999999862e-02
1.527270000000000039e+01 -8.305099999999999705e-01 -5.134289999999999687e-02
1.527590000000000003e+01 -8.305099999999999705e-01 -5.187549999999999800e-02
1.528229999999999933e+01 -8.305099999999999705e-01 -5.297090000000000132e-02
1.528870000000000040e+01 -8.305099999999999705e-01 -5.409980000000000344e-02
1.529700000000000060e+01 -6.276749999999999829e-01 -2.666789999999999994e-01
1.532719999999999949e+01 -8.305099999999999705e-01 -6.113690000000000097e-02
1.535299999999999976e+01 -8.305099999999999705e-01 -6.557290000000000341e-02
1.536359999999999992e+01 -7.088090000000000224e-01 -2.032640000000000002e-01
1.540900000000000070e+01 -7.899429999999999508e-01 -1.231679999999999997e-01
1.541859999999999964e+01 -6.276749999999999829e-01 -2.787839999999999763e-01
1.547789999999999999e+01 -7.088090000000000224e-01 -2.169399999999999940e-01
1.554010000000000069e+01 -6.276749999999999829e-01 -2.904849999999999932e-01
1.559220000000000006e+01 -7.088090000000000224e-01 -2.302410000000000012e-01
1.562289999999999957e+01 -7.899429999999999508e-01 -1.526490000000000069e-01
1.566169999999999973e+01 -6.276749999999999829e-01 -3.017900000000000027e-01
1.565670000000000073e+01 -8.710759999999999614e-01 -4.981220000000000092e-02
1.565779999999999994e+01 -8.710759999999999614e-01 -5.060950000000000171e-02
1.565889999999999915e+01 -8.710759999999999614e-01 -5.139919999999999906e-02
1.566150000000000020e+01 -8.710759999999999614e-01 -5.294329999999999870e-02
1.566740000000000066e+01 -8.710759999999999614e-01 -5.580310000000000131e-02
1.566890000000000072e+01 -8.710759999999999614e-01 -5.645229999999999693e-02
1.567040000000000077e+01 -8.710759999999999614e-01 -5.706979999999999692e-02
1.567350000000000065e+01 -8.710759999999999614e-01 -5.820850000000000329e-02
1.567510000000000048e+01 -8.710759999999999614e-01 -5.873210000000000236e-02
1.567660000000000053e+01 -8.710759999999999614e-01 -5.922709999999999780e-02
1.567820000000000036e+01 -8.710759999999999614e-01 -5.969519999999999688e-02
1.567970000000000041e+01 -8.710759999999999614e-01 -6.013779999999999820e-02
1.568200000000000038e+01 -8.710759999999999614e-01 -6.075749999999999901e-02
1.568360000000000021e+01 -8.710759999999999614e-01 -6.114320000000000171e-02
1.568510000000000026e+01 -8.710759999999999614e-01 -6.150880000000000236e-02
1.568660000000000032e+01 -8.710759999999999614e-01 -6.185589999999999838e-02
1.568820000000000014e+01 -8.710759999999999614e-01 -6.218599999999999822e-02
1.568970000000000020e+01 -8.710759999999999614e-01 -6.250060000000000338e-02
1.569120000000000026e+01 -8.710759999999999614e-01 -6.280120000000000147e-02
1.569280000000000008e+01 -8.710759999999999614e-01 -6.308940000000000381e-02
1.569430000000000014e+01 -8.710759999999999614e-01 -6.336659999999999515e-02
1.569510000000000005e+01 -8.710759999999999614e-01 -6.350160000000000526e-02
1.569660000000000011e+01 -8.710759999999999614e-01 -6.376539999999999986e-02
1.569810000000000016e+01 -8.710759999999999614e-01 -6.402209999999999845e-02
1.570650000000000013e+01 -7.088090000000000224e-01 -2.431629999999999903e-01
1.570120000000000005e+01 -8.710759999999999614e-01 -6.452030000000000265e-02
1.570429999999999993e+01 -8.710759999999999614e-01 -6.500849999999999684e-02
1.570739999999999981e+01 -8.710759999999999614e-01 -6.549879999999999591e-02
1.571039999999999992e+01 -8.710759999999999614e-01 -6.599919999999999398e-02
1.571349999999999980e+01 -8.710759999999999614e-01 -6.651160000000000405e-02
1.571659999999999968e+01 -8.710759999999999614e-01 -6.703510000000000024e-02
1.572269999999999968e+01 -8.710759999999999614e-01 -6.811169999999999725e-02
1.572889999999999944e+01 -8.710759999999999614e-01 -6.922109999999999375e-02
1.575380000000000003e+01 -8.710759999999999614e-01 -7.383180000000000298e-02
1.576619999999999955e+01 -8.710759999999999614e-01 -7.613209999999999422e-02
1.578340000000000032e+01 -6.276749999999999829e-01 -3.127110000000000167e-01
1.577870000000000061e+01 -8.710759999999999614e-01 -7.835129999999999872e-02
1.579110000000000014e+01 -8.710759999999999614e-01 -8.047790000000000499e-02
1.580359999999999943e+01 -8.710759999999999614e-01 -8.252669999999999451e-02
1.581600000000000072e+01 -8.710759999999999614e-01 -8.451309999999999378e-02
1.582850000000000001e+01 -8.710759999999999614e-01 -8.645229999999999582e-02
1.583699999999999974e+01 -7.899429999999999508e-01 -1.810060000000000002e-01
1.585340000000000060e+01 -8.710759999999999614e-01 -9.025080000000000602e-02
1.590499999999999936e+01 -6.276749999999999829e-01 -3.232559999999999878e-01
1.590380000000000038e+01 -8.913600000000000412e-01 -6.856600000000000195e-02
1.590530000000000044e+01 -8.913600000000000412e-01 -6.894100000000000228e-02
1.590680000000000049e+01 -8.913600000000000412e-01 -6.929659999999999986e-02
1.590830000000000055e+01 -8.913600000000000412e-01 -6.963429999999999620e-02
1.591140000000000043e+01 -8.913600000000000412e-01 -7.026219999999999688e-02
1.591290000000000049e+01 -8.913600000000000412e-01 -7.055549999999999322e-02
1.591440000000000055e+01 -8.913600000000000412e-01 -7.083699999999999719e-02
1.591740000000000066e+01 -8.913600000000000412e-01 -7.137069999999999526e-02
1.591890000000000072e+01 -8.913600000000000412e-01 -7.162599999999999523e-02
1.592489999999999917e+01 -8.913600000000000412e-01 -7.260569999999999524e-02
1.595309999999999917e+01 -8.710759999999999614e-01 -1.053589999999999943e-01
1.598889999999999922e+01 -9.015020000000000255e-01 -6.126709999999999795e-02
1.599009999999999998e+01 -9.015020000000000255e-01 -6.088469999999999993e-02
1.600000000000000000e+01 -6.276749999999999829e-01 -3.312019999999999964e-01
1.600000000000000000e+01 -6.384130000000000082e-01 -3.245750000000000024e-01
1.600000000000000000e+01 -6.519350000000000422e-01 -3.158469999999999889e-01
1.600000000000000000e+01 -6.538800000000000168e-01 -3.145169999999999910e-01
1.600000000000000000e+01 -6.651920000000000055e-01 -3.069020000000000081e-01
1.600000000000000000e+01 -6.681669999999999554e-01 -3.047869999999999746e-01
1.599140000000000050e+01 -9.015020000000000255e-01 -6.051549999999999985e-02
1.600000000000000000e+01 -6.781920000000000170e-01 -2.977429999999999799e-01
1.600000000000000000e+01 -6.821559999999999846e-01 -2.948160000000000225e-01
1.600000000000000000e+01 -6.909429999999999739e-01 -2.883760000000000212e-01
1.600000000000000000e+01 -6.958550000000000013e-01 -2.846090000000000009e-01
1.600000000000000000e+01 -7.034510000000000485e-01 -2.788050000000000250e-01
1.600000000000000000e+01 -7.092739999999999601e-01 -2.741730000000000000e-01
1.599269999999999925e+01 -9.015020000000000255e-01 -6.016040000000000276e-02
1.600000000000000000e+01 -7.157240000000000268e-01 -2.690400000000000014e-01
1.600000000000000000e+01 -7.224190000000000333e-01 -2.635159999999999725e-01
1.600000000000000000e+01 -7.277670000000000528e-01 -2.590890000000000137e-01
1.600000000000000000e+01 -7.358369999999999633e-01 -2.521639999999999993e-01
1.600000000000000000e+01 -7.395869999999999944e-01 -2.489609999999999879e-01
1.600000000000000000e+01 -7.445420000000000371e-01 -2.445769999999999889e-01
1.600000000000000000e+01 -7.511900000000000244e-01 -2.386679999999999913e-01
1.600000000000000000e+01 -7.579390000000000294e-01 -2.324950000000000072e-01
1.599419999999999931e+01 -9.015020000000000255e-01 -5.982060000000000155e-02
1.600000000000000000e+01 -7.625819999999999821e-01 -2.282220000000000082e-01
1.600000000000000000e+01 -7.710540000000000171e-01 -2.202199999999999991e-01
1.600000000000000000e+01 -7.737690000000000401e-01 -2.176369999999999971e-01
1.600000000000000000e+01 -7.838939999999999797e-01 -2.077730000000000132e-01
1.600000000000000000e+01 -7.899429999999999508e-01 -2.016449999999999909e-01
1.599559999999999960e+01 -9.015020000000000255e-01 -5.949689999999999840e-02
1.600000000000000000e+01 -8.061509999999999510e-01 -1.851909999999999945e-01
1.600000000000000000e+01 -8.114190000000000014e-01 -1.796079999999999899e-01
1.600000000000000000e+01 -8.268100000000000449e-01 -1.631340000000000012e-01
1.600000000000000000e+01 -8.385139999999999816e-01 -1.501149999999999984e-01
1.600000000000000000e+01 -8.467700000000000227e-01 -1.408520000000000050e-01
1.600000000000000000e+01 -8.644009999999999749e-01 -1.203160000000000063e-01
1.600000000000000000e+01 -8.660649999999999737e-01 -1.183680000000000010e-01
1.600000000000000000e+01 -8.710759999999999614e-01 -1.122569999999999957e-01
1.600000000000000000e+01 -8.754720000000000280e-01 -1.068960000000000049e-01
1.600000000000000000e+01 -8.847190000000000332e-01 -9.517839999999999634e-02
1.600000000000000000e+01 -8.870050000000000434e-01 -9.224699999999999567e-02
1.600000000000000000e+01 -8.881449999999999623e-01 -9.074359999999999371e-02
1.600000000000000000e+01 -8.904170000000000140e-01 -8.758399999999999519e-02
1.600000000000000000e+01 -8.915499999999999536e-01 -8.589689999999999825e-02
1.600000000000000000e+01 -8.921280000000000321e-01 -8.498110000000000386e-02
1.600000000000000000e+01 -8.932050000000000267e-01 -8.326609999999999567e-02
1.600000000000000000e+01 -8.938110000000000221e-01 -8.225949999999999929e-02
1.600000000000000000e+01 -8.951219999999999732e-01 -8.006169999999999953e-02
1.600000000000000000e+01 -8.981749999999999456e-01 -7.532039999999999569e-02
1.600000000000000000e+01 -8.982660000000000089e-01 -7.519249999999999545e-02
1.600000000000000000e+01 -9.002989999999999604e-01 -5.672490000000000171e-02
1.600000000000000000e+01 -9.001879999999999882e-01 -7.187929999999999320e-02
1.600000000000000000e+01 -9.002470000000000194e-01 -7.172850000000000059e-02
1.600000000000000000e+01 -9.014720000000000510e-01 -5.862060000000000187e-02
1.600000000000000000e+01 -9.016039999999999610e-01 -6.709550000000000236e-02
1.600000000000000000e+01 -9.017049999999999788e-01 -6.662360000000000504e-02
1.600000000000000000e+01 -9.018049999999999677e-01 -6.612840000000000384e-02
1.600000000000000000e+01 -9.023179999999999534e-01 -6.314540000000000430e-02
1.600000000000000000e+01 -9.025050000000000017e-01 -6.172239999999999671e-02
1.600280000000000058e+01 -9.015020000000000255e-01 -5.919019999999999837e-02
1.600440000000000040e+01 -9.015020000000000255e-01 -5.949689999999999840e-02
1.600580000000000069e+01 -9.015020000000000255e-01 -5.982060000000000155e-02
1.600730000000000075e+01 -9.015020000000000255e-01 -6.016040000000000276e-02
1.600860000000000127e+01 -9.015020000000000255e-01 -6.051549999999999985e-02
1.600989999999999824e+01 -9.015020000000000255e-01 -6.088469999999999993e-02
1.601109999999999900e+01 -9.015020000000000255e-01 -6.126709999999999795e-02
1.604690000000000083e+01 -8.710759999999999614e-01 -1.053589999999999943e-01
1.607509999999999906e+01 -8.913600000000000412e-01 -7.260569999999999524e-02
1.608109999999999928e+01 -8.913600000000000412e-01 -7.162599999999999523e-02
1.608259999999999934e+01 -8.913600000000000412e-01 -7.137069999999999526e-02
1.609499999999999886e+01 -6.276749999999999829e-01 -3.232559999999999878e-01
1.608559999999999945e+01 -8.913600000000000412e-01 -7.083699999999999719e-02
1.608709999999999951e+01 -8.913600000000000412e-01 -7.055549999999999322e-02
1.608859999999999957e+01 -8.913600000000000412e-01 -7.026219999999999688e-02
1.609019999999999939e+01 -8.913600000000000412e-01 -6.995569999999999566e-02
1.609169999999999945e+01 -8.913600000000000412e-01 -6.963429999999999620e-02
1.609319999999999951e+01 -8.913600000000000412e-01 -6.929659999999999986e-02
1.609469999999999956e+01 -8.913600000000000412e-01 -6.894100000000000228e-02
1.609619999999999962e+01 -8.913600000000000412e-01 -6.856600000000000195e-02
1.614659999999999940e+01 -8.710759999999999614e-01 -9.025080000000000602e-02
1.616300000000000026e+01 -7.899429999999999508e-01 -1.810060000000000002e-01
1.617150000000000176e+01 -8.710759999999999614e-01 -8.645229999999999582e-02
1.618400000000000105e+01 -8.710759999999999614e-01 -8.451309999999999378e-02
1.619330000000000069e+01 -8.812179999999999458e-01 -4.925840000000000080e-02
1.619399999999999906e+01 -8.812179999999999458e-01 -4.926320000000000005e-02
1.619640000000000057e+01 -8.710759999999999614e-01 -8.252669999999999451e-02
1.621659999999999968e+01 -6.276749999999999829e-01 -3.127110000000000167e-01
1.620889999999999986e+01 -8.710759999999999614e-01 -8.047790000000000499e-02
1.622129999999999939e+01 -8.710759999999999614e-01 -7.835129999999999872e-02
1.623379999999999868e+01 -8.710759999999999614e-01 -7.613209999999999422e-02
1.624620000000000175e+01 -8.710759999999999614e-01 -7.383180000000000298e-02
1.625309999999999988e+01 -8.761470000000000091e-01 -4.746380000000000043e-02
1.627110000000000056e+01 -8.710759999999999614e-01 -6.922109999999999375e-02
1.627730000000000032e+01 -8.710759999999999614e-01 -6.811169999999999725e-02
1.628340000000000032e+01 -8.710759999999999614e-01 -6.703510000000000024e-02
1.628650000000000020e+01 -8.710759999999999614e-01 -6.651160000000000405e-02
1.629350000000000165e+01 -7.088090000000000224e-01 -2.431629999999999903e-01
1.628960000000000008e+01 -8.710759999999999614e-01 -6.599919999999999398e-02
1.629260000000000019e+01 -8.710759999999999614e-01 -6.549879999999999591e-02
1.629570000000000007e+01 -8.710759999999999614e-01 -6.500849999999999684e-02
1.629879999999999995e+01 -8.710759999999999614e-01 -6.452030000000000265e-02
1.630189999999999984e+01 -8.710759999999999614e-01 -6.402209999999999845e-02
1.630339999999999989e+01 -8.710759999999999614e-01 -6.376539999999999986e-02
1.630489999999999995e+01 -8.710759999999999614e-01 -6.350160000000000526e-02
1.630649999999999977e+01 -8.710759999999999614e-01 -6.322930000000000217e-02
1.630720000000000169e+01 -8.710759999999999614e-01 -6.308940000000000381e-02
1.630799999999999983e+01 -8.710759999999999614e-01 -6.294669999999999432e-02
1.630880000000000152e+01 -8.710759999999999614e-01 -6.280120000000000147e-02
1.630949999999999989e+01 -8.710759999999999614e-01 -6.265260000000000273e-02
1.631030000000000157e+01 -8.710759999999999614e-01 -6.250060000000000338e-02
1.631109999999999971e+01 -8.710759999999999614e-01 -6.234520000000000339e-02
1.631180000000000163e+01 -8.710759999999999614e-01 -6.218599999999999822e-02
1.631259999999999977e+01 -8.710759999999999614e-01 -6.202300000000000174e-02
1.631340000000000146e+01 -8.710759999999999614e-01 -6.185589999999999838e-02
1.631409999999999982e+01 -8.710759999999999614e-01 -6.168459999999999915e-02
1.631490000000000151e+01 -8.710759999999999614e-01 -6.150880000000000236e-02
1.631569999999999965e+01 -8.710759999999999614e-01 -6.132839999999999819e-02
1.631640000000000157e+01 -8.710759999999999614e-01 -6.114320000000000171e-02
1.631719999999999970e+01 -8.710759999999999614e-01 -6.095289999999999736e-02
1.631800000000000139e+01 -8.710759999999999614e-01 -6.075749999999999901e-02
1.631879999999999953e+01 -8.710759999999999614e-01 -6.055660000000000209e-02
1.632029999999999959e+01 -8.710759999999999614e-01 -6.013779999999999820e-02
1.632179999999999964e+01 -8.710759999999999614e-01 -5.969519999999999688e-02
1.632339999999999947e+01 -8.710759999999999614e-01 -5.922709999999999780e-02
1.632489999999999952e+01 -8.710759999999999614e-01 -5.873210000000000236e-02
1.632649999999999935e+01 -8.710759999999999614e-01 -5.820850000000000329e-02
1.632799999999999940e+01 -8.710759999999999614e-01 -5.765499999999999792e-02
1.632959999999999923e+01 -8.710759999999999614e-01 -5.706979999999999692e-02
1.633830000000000027e+01 -6.276749999999999829e-01 -3.017900000000000027e-01
1.633109999999999928e+01 -8.710759999999999614e-01 -5.645229999999999693e-02
1.633259999999999934e+01 -8.710759999999999614e-01 -5.580310000000000131e-02
1.633409999999999940e+01 -8.710759999999999614e-01 -5.512449999999999989e-02
1.633559999999999945e+01 -8.710759999999999614e-01 -5.441950000000000259e-02
1.633849999999999980e+01 -8.710759999999999614e-01 -5.294329999999999870e-02
1.634110000000000085e+01 -8.710759999999999614e-01 -5.139919999999999906e-02
1.634219999999999828e+01 -8.710759999999999614e-01 -5.060950000000000171e-02
1.637709999999999866e+01 -7.899429999999999508e-01 -1.526490000000000069e-01
1.640780000000000172e+01 -7.088090000000000224e-01 -2.302410000000000012e-01
1.645990000000000109e+01 -6.276749999999999829e-01 -2.904849999999999932e-01
1.652209999999999823e+01 -7.088090000000000224e-01 -2.169399999999999940e-01
1.651940000000000097e+01 -8.507930000000000215e-01 -5.691949999999999787e-02
1.652260000000000062e+01 -8.507930000000000215e-01 -5.641820000000000168e-02
1.658139999999999858e+01 -6.276749999999999829e-01 -2.787839999999999763e-01
1.659100000000000108e+01 -7.899429999999999508e-01 -1.231679999999999997e-01
1.663639999999999830e+01 -7.088090000000000224e-01 -2.032640000000000002e-01
1.664699999999999847e+01 -8.305099999999999705e-01 -6.557290000000000341e-02
1.665990000000000038e+01 -8.305099999999999705e-01 -6.340039999999999565e-02
1.667279999999999873e+01 -8.305099999999999705e-01 -6.113690000000000097e-02
1.670299999999999940e+01 -6.276749999999999829e-01 -2.666789999999999994e-01
1.671130000000000138e+01 -8.305099999999999705e-01 -5.409980000000000344e-02
1.671770000000000067e+01 -8.305099999999999705e-01 -5.297090000000000132e-02
1.672409999999999997e+01 -8.305099999999999705e-01 -5.187549999999999800e-02
1.672729999999999961e+01 -8.305099999999999705e-01 -5.134289999999999687e-02
1.673049999999999926e+01 -8.305099999999999705e-01 -5.082149999999999862e-02
1.673369999999999891e+01 -8.305099999999999705e-01 -5.031229999999999730e-02
1.673689999999999856e+01 -8.305099999999999705e-01 -4.981399999999999717e-02
1.674010000000000176e+01 -8.305099999999999705e-01 -4.931859999999999716e-02
1.674330000000000140e+01 -8.305099999999999705e-01 -4.881429999999999797e-02
1.674490000000000123e+01 -8.305099999999999705e-01 -4.855489999999999806e-02
1.675049999999999883e+01 -7.088090000000000224e-01 -1.892199999999999993e-01
1.674650000000000105e+01 -8.305099999999999705e-01 -4.828860000000000097e-02
1.674729999999999919e+01 -8.305099999999999705e-01 -4.815239999999999798e-02
1.674810000000000088e+01 -8.305099999999999705e-01 -4.801389999999999825e-02
1.674889999999999901e+01 -8.305099999999999705e-01 -4.787290000000000295e-02
1.674970000000000070e+01 -8.305099999999999705e-01 -4.772930000000000228e-02
1.675049999999999883e+01 -8.305099999999999705e-01 -4.758269999999999861e-02
1.675209999999999866e+01 -8.305099999999999705e-01 -4.728029999999999733e-02
1.675290000000000035e+01 -8.305099999999999705e-01 -4.712410000000000210e-02
1.675369999999999848e+01 -8.305099999999999705e-01 -4.696410000000000168e-02
1.675450000000000017e+01 -8.305099999999999705e-01 -4.680039999999999895e-02
1.675529999999999831e+01 -8.305099999999999705e-01 -4.663260000000000322e-02
1.675690000000000168e+01 -8.305099999999999705e-01 -4.628430000000000044e-02
1.675769999999999982e+01 -8.305099999999999705e-01 -4.610329999999999984e-02
1.675850000000000151e+01 -8.305099999999999705e-01 -4.591749999999999998e-02
1.675929999999999964e+01 -8.305099999999999705e-01 -4.572679999999999800e-02
1.676010000000000133e+01 -8.305099999999999705e-01 -4.553080000000000321e-02
1.676079999999999970e+01 -8.305099999999999705e-01 -4.532959999999999767e-02
1.676239999999999952e+01 -8.305099999999999705e-01 -4.491010000000000141e-02
1.676399999999999935e+01 -8.305099999999999705e-01 -4.446689999999999671e-02
1.676559999999999917e+01 -8.305099999999999705e-01 -4.399840000000000001e-02
1.676719999999999899e+01 -8.305099999999999705e-01 -4.350310000000000288e-02
1.676879999999999882e+01 -8.305099999999999705e-01 -4.297940000000000094e-02
1.677039999999999864e+01 -8.305099999999999705e-01 -4.242579999999999962e-02
1.677199999999999847e+01 -8.305099999999999705e-01 -4.184079999999999744e-02
1.677819999999999823e+01 -8.305099999999999705e-01 -3.918750000000000011e-02
1.678119999999999834e+01 -8.305099999999999705e-01 -3.770409999999999734e-02
1.678389999999999915e+01 -8.305099999999999705e-01 -3.614679999999999976e-02
1.678500000000000014e+01 -8.305099999999999705e-01 -3.420990000000000142e-02
1.678640000000000043e+01 -8.305099999999999705e-01 -3.453900000000000026e-02
1.680480000000000018e+01 -7.899429999999999508e-01 -9.268039999999999612e-02
1.682440000000000069e+01 -6.276749999999999829e-01 -2.541629999999999723e-01
1.694590000000000174e+01 -6.276749999999999829e-01 -2.412310000000000010e-01
1.697879999999999967e+01 -7.088090000000000224e-01 -1.600620000000000098e-01
1.701839999999999975e+01 -7.899429999999999508e-01 -6.094600000000000017e-02
1.704510000000000147e+01 -7.899429999999999508e-01 -5.693659999999999693e-02
1.705839999999999890e+01 -7.899429999999999508e-01 -5.489619999999999916e-02
1.706729999999999947e+01 -6.276749999999999829e-01 -2.278789999999999982e-01
1.707179999999999964e+01 -7.899429999999999508e-01 -5.281170000000000309e-02
1.708510000000000062e+01 -7.899429999999999508e-01 -5.066779999999999895e-02
1.709840000000000160e+01 -7.899429999999999508e-01 -4.844949999999999951e-02
1.711169999999999902e+01 -7.899429999999999508e-01 -4.614170000000000077e-02
1.712500000000000000e+01 -7.899429999999999508e-01 -4.375470000000000054e-02
1.715159999999999840e+01 -7.899429999999999508e-01 -3.897840000000000332e-02
1.715820000000000078e+01 -7.899429999999999508e-01 -3.783009999999999845e-02
1.716489999999999938e+01 -7.899429999999999508e-01 -3.671590000000000270e-02
1.716819999999999879e+01 -7.899429999999999508e-01 -3.617410000000000070e-02
1.717150000000000176e+01 -7.899429999999999508e-01 -3.564380000000000326e-02
1.717480000000000118e+01 -7.899429999999999508e-01 -3.512590000000000157e-02
1.717810000000000059e+01 -7.899429999999999508e-01 -3.461940000000000156e-02
1.718140000000000001e+01 -7.899429999999999508e-01 -3.411700000000000149e-02
1.718860000000000099e+01 -6.276749999999999829e-01 -2.141069999999999918e-01
1.718479999999999919e+01 -7.899429999999999508e-01 -3.360649999999999749e-02
1.718639999999999901e+01 -7.899429999999999508e-01 -3.334430000000000033e-02
1.718809999999999860e+01 -7.899429999999999508e-01 -3.307550000000000073e-02
1.718890000000000029e+01 -7.899429999999999508e-01 -3.293809999999999794e-02
1.718969999999999843e+01 -7.899429999999999508e-01 -3.279850000000000126e-02
1.719059999999999988e+01 -7.899429999999999508e-01 -3.265649999999999803e-02
1.719219999999999970e+01 -7.899429999999999508e-01 -3.236429999999999862e-02
1.719300000000000139e+01 -7.899429999999999508e-01 -3.221380000000000077e-02
1.719389999999999930e+01 -7.899429999999999508e-01 -3.206010000000000110e-02
1.719470000000000098e+01 -7.899429999999999508e-01 -3.190300000000000080e-02
1.719549999999999912e+01 -7.899429999999999508e-01 -3.174219999999999819e-02
1.719630000000000081e+01 -7.899429999999999508e-01 -3.157780000000000309e-02
1.719719999999999871e+01 -7.899429999999999508e-01 -3.140930000000000111e-02
1.719800000000000040e+01 -7.899429999999999508e-01 -3.123669999999999919e-02
1.719879999999999853e+01 -7.899429999999999508e-01 -3.105969999999999911e-02
1.719960000000000022e+01 -7.899429999999999508e-01 -3.087809999999999860e-02
1.720050000000000168e+01 -7.899429999999999508e-01 -3.069180000000000172e-02
1.720129999999999981e+01 -7.899429999999999508e-01 -3.050059999999999924e-02
1.720210000000000150e+01 -7.899429999999999508e-01 -3.030419999999999989e-02
1.720289999999999964e+01 -7.899429999999999508e-01 -3.010250000000000078e-02
1.720380000000000109e+01 -7.899429999999999508e-01 -2.989529999999999965e-02
1.720690000000000097e+01 -7.088090000000000224e-01 -1.295759999999999967e-01
1.720459999999999923e+01 -7.899429999999999508e-01 -2.968240000000000114e-02
1.720619999999999905e+01 -7.899429999999999508e-01 -2.923869999999999941e-02
1.720789999999999864e+01 -7.899429999999999508e-01 -2.876980000000000162e-02
1.720949999999999847e+01 -7.899429999999999508e-01 -2.827419999999999933e-02
1.721120000000000161e+01 -7.899429999999999508e-01 -2.775029999999999858e-02
1.721280000000000143e+01 -7.899429999999999508e-01 -2.719670000000000074e-02
1.721440000000000126e+01 -7.899429999999999508e-01 -2.661169999999999855e-02
1.721610000000000085e+01 -7.899429999999999508e-01 -2.599430000000000143e-02
1.721770000000000067e+01 -7.899429999999999508e-01 -2.534459999999999838e-02
1.721930000000000049e+01 -7.899429999999999508e-01 -2.466399999999999842e-02
1.722080000000000055e+01 -7.899429999999999508e-01 -2.395540000000000169e-02
1.722390000000000043e+01 -7.899429999999999508e-01 -2.246489999999999945e-02
1.722680000000000078e+01 -7.899429999999999508e-01 -2.089449999999999988e-02
1.722919999999999874e+01 -7.899429999999999508e-01 -1.941640000000000033e-02
1.730989999999999895e+01 -6.276749999999999829e-01 -1.999160000000000104e-01
1.743120000000000047e+01 -6.276749999999999829e-01 -1.853120000000000045e-01
1.743479999999999919e+01 -7.088090000000000224e-01 -9.792009999999999603e-02
1.752319999999999922e+01 -7.493760000000000421e-01 -3.576279999999999737e-02
1.753699999999999903e+01 -7.493760000000000421e-01 -3.349850000000000050e-02
1.755239999999999867e+01 -6.276749999999999829e-01 -1.703030000000000099e-01
1.755069999999999908e+01 -7.493760000000000421e-01 -3.114659999999999998e-02
1.756439999999999912e+01 -7.493760000000000421e-01 -2.871620000000000075e-02
1.759189999999999898e+01 -7.493760000000000421e-01 -2.385709999999999914e-02
1.759870000000000090e+01 -7.493760000000000421e-01 -2.268929999999999905e-02
1.760559999999999903e+01 -7.493760000000000421e-01 -2.155639999999999987e-02
1.760900000000000176e+01 -7.493760000000000421e-01 -2.100540000000000046e-02
1.761250000000000071e+01 -7.493760000000000421e-01 -2.046610000000000096e-02
1.761589999999999989e+01 -7.493760000000000421e-01 -1.993949999999999889e-02
1.762620000000000076e+01 -7.493760000000000421e-01 -1.839870000000000047e-02
1.762790000000000035e+01 -7.493760000000000421e-01 -1.813379999999999853e-02
1.763050000000000139e+01 -7.493760000000000421e-01 -1.772390000000000077e-02
1.763390000000000057e+01 -7.493760000000000421e-01 -1.714579999999999924e-02
1.764079999999999870e+01 -7.493760000000000421e-01 -1.583510000000000126e-02
1.764249999999999829e+01 -7.493760000000000421e-01 -1.546609999999999999e-02
1.764329999999999998e+01 -7.493760000000000421e-01 -1.527440000000000048e-02
1.764420000000000144e+01 -7.493760000000000421e-01 -1.507760000000000003e-02
1.764839999999999876e+01 -7.493760000000000421e-01 -1.401039999999999924e-02
1.765180000000000149e+01 -7.493760000000000421e-01 -1.304519999999999985e-02
1.765520000000000067e+01 -7.493760000000000421e-01 -1.196750000000000071e-02
1.766260000000000119e+01 -7.088090000000000224e-01 -6.530110000000000081e-02
1.779459999999999908e+01 -6.276749999999999829e-01 -1.391169999999999907e-01
1.789020000000000010e+01 -7.088090000000000224e-01 -3.164129999999999721e-02
1.791860000000000142e+01 -7.088090000000000224e-01 -2.742100000000000093e-02
1.793290000000000006e+01 -7.088090000000000224e-01 -2.527940000000000048e-02
1.794709999999999894e+01 -7.088090000000000224e-01 -2.309659999999999838e-02
1.796130000000000138e+01 -7.088090000000000224e-01 -2.085779999999999926e-02
1.797550000000000026e+01 -7.088090000000000224e-01 -1.854760000000000089e-02
1.798969999999999914e+01 -7.088090000000000224e-01 -1.615139999999999978e-02
1.800379999999999825e+01 -7.088090000000000224e-01 -1.367759999999999983e-02
1.803209999999999980e+01 -7.088090000000000224e-01 -8.735800000000000162e-03
1.803669999999999973e+01 -6.276749999999999829e-01 -1.065030000000000004e-01
1.803920000000000101e+01 -7.088090000000000224e-01 -7.548570000000000106e-03
1.804629999999999868e+01 -7.088090000000000224e-01 -6.396759999999999599e-03
1.804990000000000094e+01 -7.088090000000000224e-01 -5.836659999999999592e-03
1.805339999999999989e+01 -7.088090000000000224e-01 -5.288440000000000155e-03
1.805699999999999861e+01 -7.088090000000000224e-01 -4.753059999999999924e-03
1.806050000000000111e+01 -7.088090000000000224e-01 -4.230379999999999731e-03
1.806769999999999854e+01 -7.088090000000000224e-01 -3.190880000000000105e-03
1.807120000000000104e+01 -7.088090000000000224e-01 -2.649400000000000106e-03
1.807209999999999894e+01 -7.088090000000000224e-01 -2.509659999999999929e-03
1.807389999999999830e+01 -7.088090000000000224e-01 -2.223569999999999800e-03
1.807659999999999911e+01 -7.088090000000000224e-01 -1.775010000000000043e-03
1.807829999999999870e+01 -7.088090000000000224e-01 -1.460750000000000026e-03
1.807920000000000016e+01 -7.088090000000000224e-01 -1.298469999999999919e-03
1.808010000000000161e+01 -7.088090000000000224e-01 -1.132500000000000043e-03
1.808269999999999911e+01 -7.088090000000000224e-01 -6.104940000000000540e-04
1.808449999999999847e+01 -7.088090000000000224e-01 -2.404650000000000093e-04
1.808630000000000138e+01 -7.088090000000000224e-01 1.489980000000000124e-04
1.808889999999999887e+01 -7.088090000000000224e-01 7.730319999999999943e-04
1.809059999999999846e+01 -7.088090000000000224e-01 1.217879999999999961e-03
1.809240000000000137e+01 -7.088090000000000224e-01 1.687609999999999978e-03
1.809590000000000032e+01 -7.088090000000000224e-01 2.707910000000000005e-03
1.809759999999999991e+01 -7.088090000000000224e-01 3.261599999999999916e-03
1.810210000000000008e+01 -7.083949999999999969e-01 3.416919999999999940e-03
1.810279999999999845e+01 -7.083260000000000112e-01 3.436260000000000009e-03
1.827860000000000085e+01 -6.276749999999999829e-01 -7.267210000000000336e-02
1.841400000000000148e+01 -6.682420000000000027e-01 -3.596699999999999984e-03
1.842859999999999943e+01 -6.682420000000000027e-01 -1.156209999999999963e-03
1.844320000000000093e+01 -6.682420000000000027e-01 1.360909999999999898e-03
1.847240000000000038e+01 -6.682420000000000027e-01 6.385520000000000432e-03
1.847970000000000113e+01 -6.682420000000000027e-01 7.592200000000000337e-03
1.848699999999999832e+01 -6.682420000000000027e-01 8.762829999999999231e-03
1.849070000000000036e+01 -6.682420000000000027e-01 9.332069999999999602e-03
1.849810000000000088e+01 -6.682420000000000027e-01 1.043340000000000066e-02
1.850910000000000011e+01 -6.682420000000000027e-01 1.201690000000000050e-02
1.850910000000000011e+01 -6.697579999999999645e-01 1.423529999999999934e-02
1.851279999999999859e+01 -6.682420000000000027e-01 1.256370000000000056e-02
1.851460000000000150e+01 -6.682420000000000027e-01 1.284760000000000069e-02
1.851739999999999853e+01 -6.682420000000000027e-01 1.329110000000000014e-02
1.852029999999999887e+01 -6.276749999999999829e-01 -3.792179999999999856e-02
1.852469999999999928e+01 -6.682420000000000027e-01 1.461409999999999966e-02
1.852990000000000137e+01 -6.677619999999999667e-01 1.479420000000000041e-02
1.876200000000000045e+01 -6.276749999999999829e-01 -2.336589999999999934e-03
1.879220000000000113e+01 -6.276749999999999829e-01 2.094679999999999806e-03
1.882239999999999824e+01 -6.276749999999999829e-01 6.618409999999999918e-03
1.883749999999999858e+01 -6.276749999999999829e-01 8.952329999999999663e-03
1.885259999999999891e+01 -6.276749999999999829e-01 1.135420000000000006e-02
1.886759999999999948e+01 -6.276749999999999829e-01 1.383900000000000061e-02
1.888260000000000005e+01 -6.276749999999999829e-01 1.639940000000000148e-02
1.889760000000000062e+01 -6.276749999999999829e-01 1.897729999999999903e-02
1.891270000000000095e+01 -6.276749999999999829e-01 2.150679999999999953e-02
1.892020000000000124e+01 -6.276749999999999829e-01 2.273299999999999974e-02
1.892109999999999914e+01 -6.297169999999999712e-01 2.544679999999999859e-02
1.892680000000000007e+01 -6.291560000000000485e-01 2.560370000000000007e-02
1.892780000000000129e+01 -6.276749999999999829e-01 2.392239999999999991e-02
1.893149999999999977e+01 -6.276749999999999829e-01 2.450079999999999966e-02
1.893530000000000157e+01 -6.276749999999999829e-01 2.506689999999999960e-02
1.893909999999999982e+01 -6.276749999999999829e-01 2.561980000000000160e-02
