1.598889999999999922e+01 -9.015020000000000255e-01 -6.126709999999999795e-02
1.599009999999999998e+01 -9.015020000000000255e-01 -6.088469999999999993e-02
1.599140000000000050e+01 -9.015020000000000255e-01 -6.051549999999999985e-02
1.599269999999999925e+01 -9.015020000000000255e-01 -6.016040000000000276e-02
1.599419999999999931e+01 -9.015020000000000255e-01 -5.982060000000000155e-02
1.599559999999999960e+01 -9.015020000000000255e-01 -5.949689999999999840e-02
1.600000000000000000e+01 -9.016039999999999610e-01 -6.709550000000000236e-02
1.600000000000000000e+01 -9.017049999999999788e-01 -6.662360000000000504e-02
1.600000000000000000e+01 -9.018049999999999677e-01 -6.612840000000000384e-02
1.600000000000000000e+01 -9.023179999999999534e-01 -6.314540000000000430e-02
1.600000000000000000e+01 -9.025050000000000017e-01 -6.172239999999999671e-02
1.600280000000000058e+01 -9.015020000000000255e-01 -5.919019999999999837e-02
1.600440000000000040e+01 -9.015020000000000255e-01 -5.949689999999999840e-02
1.600580000000000069e+01 -9.015020000000000255e-01 -5.982060000000000155e-02
1.600730000000000075e+01 -9.015020000000000255e-01 -6.016040000000000276e-02
1.600860000000000127e+01 -9.015020000000000255e-01 -6.051549999999999985e-02
1.600989999999999824e+01 -9.015020000000000255e-01 -6.088469999999999993e-02
1.601109999999999900e+01 -9.015020000000000255e-01 -6.126709999999999795e-02
